m1=0.233
m2=0.145
m3=0.125
r1=0.2475
r2=0.2175
r3=0.1950
g=9.81
a0=0.02005
a2=-0.00505
p2=-0.0105
p1=0.2851
p0=0
I=m1*r1^2+m2*r2^2+m3*r3^2;